Tutorial 1 for VS2DHI (simulation of fluid flow and energy transport)
10.1 0. 0.    /A2 -- TMAX, STIM, ANG
m   day J       /A3 -- ZUNIT, TUNIT, CUNX
46 34    /A4 -- NXR, NLY
2 1000    /A5 -- NRECH, NUMT
F T T      /A6 -- RAD, ITSTOP, TRANS
T T      /A6A -- CIS, CIT
T T T T F     /A7 -- F11P, F7P, F8P, F9P, F6P
F F T F F      /A8 -- THPT, SPNT, PPNT, HPNT, VPNT
0 1     /A9 -- IFAC, FACX. A10 begins next line: DXR
0.14701705 0.14701705 0.14701705 0.14701705 0.14701705 0.14701705 0.14701705 0.14701705 0.14701705 0.14701705 
0.14701705 0.14701705 0.14701705 0.14701705 0.14701705 0.14701705 0.14701705 0.14701705 0.14701705 0.14701705 
0.14701705 0.14701705 0.14701705 0.14701705 0.14701705 0.14701705 0.14701705 0.14701705 0.14701705 0.14701705 
0.14701705 0.14701705 0.14701705 0.14701705 0.14701705 0.14701705 0.14701705 0.14701705 0.14701705 0.14701705 
0.14701705 0.14701705 0.14701705 0.14701705 0.14701705 0.14701705
0 1     /A11 -- JFAC, FACZ. A12 begins next line: DELZ
0.12695312 0.12695312 0.12695312 0.12695312 0.12695312 0.12695312 0.12695312 0.12695312 0.12695312 0.12695312 
0.12695312 0.12695312 0.12695312 0.12695312 0.12695312 0.12695312 0.12695312 0.12695312 0.12695312 0.12695312 
0.12695312 0.12695312 0.12695312 0.12695312 0.12695312 0.12695312 0.12695312 0.12695312 0.12695312 0.12695312 
0.12695312 0.12695312 0.12695312 0.12695312
20     /A13 -- NPLT. A14 begins next line: PLTIM
0.5 1.0 1.5 2.0 2.5 3.0 3.5 4.0 4.5 5.0 
5.5 6.0 6.5 7.0 7.5 8.0 8.5 9.0 9.5 10.0 
-24     /A15 -- NOBS. A16 begines next line: J, N
9 8
11 8
15 8
18 8
20 8
17 8
13 8
6 22
7 22
8 22
23 40
25 40
27 40
28 40
29 40
3 43
5 43
6 43
8 43
19 26
21 26
22 26
24 26
26 26
45     /A17 -- NMB9
1 2 3 4 5 6 7 8 9 10 11 12 13 14 15 16 17 18 19 20 21 22 23 24 25 26 27 28 29 30 31 32 33 52 53 54 55 56 57 67 68 69 70 71 72      /A18 -- MB9
1.0E-4 0.7 0.5 0.001 0.001     /B1 -- EPS, HMAX, WUS, EPS1, EPS2
2 200     /B3 -- MINIT, ITMAX
T     /B4 -- PHRD
3 6 6     /B5 -- NTEX, NPROP, NPROP1
1 1     /B5A -- hydraulicFunctionType, adsorptionType (not used)
1     /B6 -- ITEX. B7 to begin next line: HK
1.0 0.0 0.0 0.0 0.0 0.0 0.0
0.0 0.0 0.0 0.0 0.0 0.0      /B7A -- HT
2     /B6 -- ITEX. B7 to begin next line: HK
1.0 12.4 0.0 0.39 2.3 0.06 5.8
0.1 0.1 2180000.0 129600.0 155520.0 4180000.0      /B7A -- HT
3     /B6 -- ITEX. B7 to begin next line: HK
1.0 0.7 0.0 0.4 0.25 0.14 7.0
0.1 0.1 2180000.0 129600.0 155520.0 4180000.0      /B7A -- HT
0     /B8 -- IROW. B9 begins next line: JTEX
1 1 1 1 1 1 1 1 1 1 1 1 1 1 1 1 1 1 1 1 1 1 1 1 1 1 1 1 1 1 1 1 1 1 1 1 1 1 1 1 1 1 1 1 1 1 
1 2 2 2 2 2 2 2 2 2 2 1 1 1 1 1 1 1 1 1 1 1 1 1 1 1 1 1 1 1 1 1 2 2 2 2 2 2 2 2 2 2 2 2 2 1
1 2 2 2 2 2 2 2 2 2 2 2 2 1 1 1 1 1 1 1 1 1 1 1 1 1 1 1 1 1 2 2 2 2 2 2 2 2 2 2 2 2 2 2 2 1
1 2 2 2 2 2 2 2 2 2 2 2 2 2 2 1 1 1 1 1 1 1 1 1 1 1 1 2 2 2 2 2 2 2 2 2 2 2 2 2 2 2 2 2 2 1
1 2 2 2 2 2 2 2 2 2 2 2 2 2 2 2 2 2 2 2 2 2 2 2 2 2 2 2 2 2 2 2 2 2 2 2 2 2 2 2 2 2 2 2 2 1
1 2 2 2 2 2 2 2 2 2 2 2 2 2 2 2 2 2 2 2 2 2 2 2 2 2 2 2 2 2 2 2 2 2 2 2 2 2 2 2 2 2 2 2 2 1
1 2 2 2 2 2 2 2 2 2 2 2 2 2 2 2 2 2 2 2 2 2 2 2 2 2 2 2 2 2 2 2 2 2 2 2 2 2 2 2 2 2 2 2 2 1
1 2 2 2 2 2 2 2 2 2 2 2 2 2 2 2 2 2 2 2 2 2 2 2 2 2 2 2 2 2 2 2 2 2 2 2 2 2 2 2 2 2 2 2 2 1
1 2 2 2 2 2 2 2 2 2 2 2 2 2 2 2 2 2 2 2 2 2 2 2 2 2 2 2 2 2 2 2 2 2 2 2 2 2 2 2 2 2 2 2 2 1
1 2 2 2 2 2 2 2 2 2 2 2 2 2 2 2 2 2 3 2 2 2 2 2 2 2 2 2 2 2 2 2 2 2 2 2 2 2 2 2 2 2 2 2 2 1
1 2 2 2 2 2 2 2 2 2 2 2 2 2 2 2 2 2 3 3 3 3 2 2 2 2 2 2 2 2 2 2 2 2 2 2 2 2 2 2 2 2 2 2 2 1
1 2 2 2 2 2 2 2 2 2 2 2 2 2 2 2 2 2 2 3 3 3 3 3 3 3 2 2 2 2 2 2 2 2 2 2 2 2 2 2 2 2 2 2 2 1
1 2 2 2 2 2 2 2 2 2 2 2 2 2 2 2 2 2 2 3 3 3 3 3 3 3 3 3 3 2 2 2 2 2 2 2 2 2 2 2 2 2 2 2 2 1
1 2 2 2 2 2 2 2 2 2 2 2 2 2 2 2 2 2 2 3 3 3 3 3 3 3 3 3 3 3 3 3 2 2 2 2 2 2 2 2 2 2 2 2 2 1
1 2 2 2 2 2 2 2 2 2 2 2 2 2 2 2 2 2 2 2 3 3 3 3 3 3 3 3 3 3 3 3 3 3 3 2 2 2 2 2 2 2 2 2 2 1
1 2 2 2 2 2 2 2 2 2 2 2 2 2 2 2 2 2 2 2 2 3 3 3 3 3 3 3 3 3 3 3 3 3 3 3 3 3 2 2 2 2 2 2 2 1
1 2 2 2 2 2 2 2 2 2 2 2 2 2 2 2 2 2 2 2 2 2 2 3 3 3 3 3 3 3 3 3 3 3 3 3 3 3 3 2 2 2 2 2 2 1
1 2 2 2 2 2 2 2 2 2 2 2 2 2 2 2 2 2 2 2 2 2 2 2 2 2 3 3 3 3 3 3 3 3 3 3 3 3 3 2 2 2 2 2 2 1
1 2 2 2 2 2 2 2 2 2 2 2 2 2 2 2 2 2 2 2 2 2 2 2 2 2 2 2 3 3 3 3 3 3 3 3 3 3 3 2 2 2 2 2 2 1
1 2 2 2 2 2 2 2 2 2 2 2 2 2 2 2 2 2 2 2 2 2 2 2 2 2 2 2 2 2 3 3 3 3 3 3 3 3 3 2 2 2 2 2 2 1
1 2 2 2 2 2 2 2 2 2 2 2 2 2 2 2 2 2 2 2 2 2 2 2 2 2 2 2 2 2 2 2 3 3 3 3 3 3 3 3 2 2 2 2 2 1
1 2 2 2 2 2 2 2 2 2 2 2 2 2 2 2 2 2 2 2 2 2 2 2 2 2 2 2 2 2 2 2 2 2 2 3 3 3 3 3 2 2 2 2 2 1
1 2 2 2 2 2 2 2 2 2 2 2 2 2 2 2 2 2 2 2 2 2 2 2 2 2 2 2 2 2 2 2 2 2 2 2 2 3 3 3 2 2 2 2 2 1
1 2 2 2 2 2 2 2 2 2 2 2 2 2 2 2 2 2 2 2 2 2 2 2 2 2 2 2 2 2 2 2 2 2 2 2 2 2 2 3 3 2 2 2 2 1
1 2 2 2 2 2 2 2 2 2 2 2 2 2 2 2 2 2 2 2 2 2 2 2 2 2 2 2 2 2 2 2 2 2 2 2 2 2 2 2 2 2 2 2 2 1
1 2 2 2 2 2 2 2 2 2 2 2 2 2 2 2 2 2 2 2 2 2 2 2 2 2 2 2 2 2 2 2 2 2 2 2 2 2 2 2 2 2 2 2 2 1
1 2 2 2 2 2 2 2 2 2 2 2 2 2 2 2 2 2 2 2 2 2 2 2 2 2 2 2 2 2 2 2 2 2 2 2 2 2 2 2 2 2 2 2 2 1
1 2 2 2 2 2 2 2 2 2 2 2 2 2 2 2 2 2 2 2 2 2 2 2 2 2 2 2 2 2 2 2 2 2 2 2 2 2 2 2 2 2 2 2 2 1
1 2 2 2 2 2 2 2 2 2 2 2 2 2 2 2 2 2 2 2 2 2 2 2 2 2 2 2 2 2 2 2 2 2 2 2 2 2 2 2 2 2 2 2 2 1
1 2 2 2 2 2 2 2 2 2 2 2 2 2 2 2 2 2 2 2 2 2 2 2 2 2 2 2 2 2 2 2 2 2 2 2 2 2 2 2 2 2 2 2 2 1
1 2 2 2 2 2 2 2 2 2 2 2 2 2 2 2 2 2 2 2 2 2 2 2 2 2 2 2 2 2 2 2 2 2 2 2 2 2 2 2 2 2 2 2 2 1
1 2 2 2 2 2 2 2 2 2 2 2 2 2 2 2 2 2 2 2 2 2 2 2 2 2 2 2 2 2 2 2 2 2 2 2 2 2 2 2 2 2 2 2 2 1
1 2 2 2 2 2 2 2 2 2 2 2 2 2 2 2 2 2 2 2 2 2 2 2 2 2 2 2 2 2 2 2 2 2 2 2 2 2 2 2 2 2 2 2 2 1
1 1 1 1 1 1 1 1 1 1 1 1 1 1 1 1 1 1 1 1 1 1 1 1 1 1 1 1 1 1 1 1 1 1 1 1 1 1 1 1 1 1 1 1 1 1 
2 1.0     /B11 -- IREAD, FACTOR
3.7291667 -3.98     /B12 -- DWTX, HMIN
F F      /B14 -- BCIT, ETSIM
1 1.0     /B24 -- IREAD, FACTOR
5 'free'     /B25 -- IU, IFMT. Initial values to follow.
0.0 0.0 0.0 0.0 0.0 0.0 0.0 0.0 0.0 0.0 0.0 0.0 0.0 0.0 0.0 0.0 0.0 0.0 0.0 0.0 
0.0 0.0 0.0 0.0 0.0 0.0 0.0 0.0 0.0 0.0 0.0 0.0 0.0 0.0 0.0 0.0 0.0 0.0 0.0 0.0 
0.0 0.0 0.0 0.0 0.0 0.0 
0.0 19.768929 19.76373 19.758532 19.753332 19.748133 19.742933 19.737736 19.732536 19.727337 19.8166 0.0 0.0 0.0 0.0 0.0 0.0 0.0 0.0 0.0 
0.0 0.0 0.0 0.0 0.0 0.0 0.0 0.0 0.0 0.0 0.0 0.0 19.927507 19.81388 19.811726 19.809572 19.807417 19.805264 19.803108 19.800955 
19.7988 19.796646 19.79449 19.792337 19.790182 0.0
0.0 19.39855 19.393353 19.388153 19.382954 19.377754 19.372557 19.367357 19.362158 19.356958 19.509148 19.668322 19.827494 0.0 0.0 0.0 0.0 0.0 0.0 0.0 
0.0 0.0 0.0 0.0 0.0 0.0 0.0 0.0 0.0 0.0 19.924232 19.77482 19.625408 19.475996 19.441528 19.439375 19.43722 19.435066 19.432913 19.430758 
19.428604 19.426449 19.424295 19.42214 19.419987 0.0
0.0 19.028172 19.022974 19.017775 19.012575 19.007376 19.002178 18.996979 18.99178 19.042522 19.201694 19.360868 19.52004 19.679213 19.838385 0.0 0.0 0.0 0.0 0.0 
0.0 0.0 0.0 0.0 0.0 0.0 0.0 20.0 19.920958 19.771545 19.622133 19.472723 19.32331 19.173899 19.071333 19.069178 19.067024 19.064869 19.062716 19.06056 
19.058407 19.056252 19.054098 19.051945 19.04979 0.0
0.0 18.657795 18.652596 18.647396 18.642197 18.637 18.6318 18.6266 18.6214 18.73507 18.894241 19.053415 19.212587 19.37176 19.530931 19.690104 19.75695 19.776423 19.795895 19.815369 
19.83484 19.854313 19.873787 19.89326 19.912731 19.932205 19.917683 19.76827 19.61886 19.469448 19.320036 19.170624 19.021214 18.871801 18.72239 18.698982 18.696827 18.694674 18.692518 18.690365 
18.68821 18.686056 18.6839 18.681747 18.679592 0.0
0.0 18.287416 18.282217 18.277018 18.271818 18.26662 18.261421 18.256222 18.268444 18.427616 18.58679 18.745962 18.905134 19.064306 19.223478 19.342321 19.361794 19.381266 19.40074 19.420212 
19.439684 19.459156 19.47863 19.498102 19.517574 19.52939 19.52939 19.466173 19.316761 19.16735 19.017939 18.868526 18.719114 18.569704 18.420292 18.328785 18.32663 18.324476 18.322323 18.320168 
18.318014 18.315859 18.313705 18.31155 18.309397 0.0
0.0 17.917038 17.911839 17.90664 17.901442 17.896242 17.891043 17.885843 17.96099 18.120163 18.279337 18.438509 18.597681 18.756853 18.916025 18.947165 18.966637 18.986109 19.005583 19.025055 
19.044527 19.064001 19.083473 19.102945 19.115086 19.115086 19.115086 19.115086 19.014664 18.865252 18.715841 18.56643 18.417017 18.267605 18.118193 17.968782 17.956434 17.954279 17.952126 17.94997 
17.947817 17.945662 17.943508 17.941355 17.9392 0.0
0.0 17.54666 17.54146 17.536263 17.531063 17.525864 17.520664 17.515467 17.653538 17.81271 17.971884 18.131056 18.290228 18.4494 18.532536 18.552008 18.57148 18.590952 18.610426 18.629898 
18.64937 18.668844 18.688316 18.700779 18.700779 18.700779 18.700779 18.700779 18.700779 18.563154 18.413742 18.26433 18.11492 17.965508 17.816095 17.666683 17.586237 17.584084 17.581928 17.579775 
17.57762 17.575466 17.57331 17.571157 17.569002 0.0
0.0 17.176281 17.171082 17.165884 17.160685 17.155485 17.150286 17.186913 17.346085 17.505257 17.66443 17.823603 17.982775 18.117905 18.137379 18.15685 18.176323 18.195797 18.21527 18.234741 
18.254213 18.273687 18.286472 18.286472 18.286472 18.286472 18.286472 18.286472 18.286472 18.261057 18.111645 17.962233 17.81282 17.66341 17.513998 17.364586 17.216042 17.213886 17.211733 17.209578 
17.207424 17.205269 17.203115 17.20096 17.198807 0.0
0.0 16.805902 16.800705 16.795506 16.790306 16.785107 16.77991 16.87946 17.038631 17.197805 17.356977 17.51615 17.675322 17.72275 17.742222 17.761694 17.781166 17.80064 17.820112 17.839584 
17.859058 17.872168 17.872168 17.872168 17.872168 17.872168 17.872168 17.872168 17.872168 17.872168 17.809547 17.660135 17.510723 17.361311 17.2119 17.062489 16.913076 16.843689 16.841536 16.83938 
16.837227 16.835073 16.832918 16.830765 16.82861 0.0
0.0 16.435526 16.430326 16.425127 16.419928 16.41473 16.412834 16.572006 16.731178 16.890352 17.049524 17.208696 17.308119 17.327593 17.347065 17.366537 17.386011 17.405483 17.424955 17.444427 
17.45786 17.45786 17.45786 17.45786 17.45786 17.45786 17.45786 17.45786 17.45786 17.45786 17.45786 17.358038 17.208626 17.059214 16.909801 16.76039 16.61098 16.473494 16.471338 16.469185 
16.46703 16.464876 16.46272 16.460567 16.458412 0.0
0.0 16.065147 16.059948 16.054749 16.04955 16.044352 16.105381 16.264553 16.423725 16.5829 16.742071 16.89349 16.912962 16.932436 16.951908 16.97138 16.990854 17.010326 17.029799 17.043554 
17.043554 17.043554 17.043554 17.043554 17.043554 17.043554 17.043554 17.043554 17.043554 17.043554 17.043554 17.043554 16.906527 16.757116 16.607704 16.458292 16.30888 16.15947 16.101143 16.098988 
16.096834 16.094679 16.092525 16.09037 16.088217 0.0
0.0 15.694769 15.689569 15.684371 15.679172 15.673973 15.797928 15.957101 16.116272 16.275446 16.434618 16.498333 16.517807 16.53728 16.556751 16.576223 16.595697 16.61517 16.62925 16.62925 
16.62925 16.62925 16.62925 16.62925 16.62925 16.62925 16.62925 16.62925 16.62925 16.62925 16.62925 16.62925 16.60443 16.455017 16.305607 16.156195 16.006783 15.857371 15.730946 15.728791 
15.726637 15.724483 15.722328 15.720174 15.7180195 0.0
0.0 15.32439 15.319192 15.3139925 15.308794 15.331303 15.490475 15.649648 15.80882 15.967992 16.083704 16.103176 16.12265 16.142122 16.161594 16.181068 16.20054 16.214943 16.214943 16.214943 
16.214943 16.214943 16.214943 16.214943 16.214943 16.214943 16.214943 16.214943 16.214943 16.214943 16.214943 16.214943 16.214943 16.15292 16.003508 15.854096 15.704685 15.555273 15.405862 15.358595 
15.356441 15.354286 15.352132 15.3499775 15.347823 0.0
0.0 14.954012 14.948813 14.943614 14.938416 15.0238495 15.183022 15.342195 15.501367 15.66054 15.688547 15.70802 15.727493 15.746965 15.7664385 15.785911 15.800637 15.800637 15.800637 15.800637 
15.800637 15.800637 15.800637 15.800637 15.800637 15.800637 15.800637 15.800637 15.800637 15.800637 15.800637 15.800637 15.800637 15.800637 15.70141 15.551999 15.402587 15.253175 15.103764 14.988398 
14.986243 14.984089 14.981935 14.979781 14.977627 0.0
0.0 14.583634 14.578435 14.573236 14.568037 14.716396 14.875568 15.034741 15.193913 15.273918 15.293391 15.312863 15.332336 15.351809 15.371282 15.386332 15.386332 15.386332 15.386332 15.386332 
15.386332 15.386332 15.386332 15.386332 15.386332 15.386332 15.386332 15.386332 15.386332 15.386332 15.386332 15.386332 15.386332 15.386332 15.386332 15.249901 15.100489 14.951077 14.801665 14.652254 
14.616047 14.613893 14.611738 14.609584 14.6074295 0.0
0.0 14.213256 14.208057 14.202858 14.249771 14.408943 14.568116 14.727288 14.859289 14.878761 14.898234 14.9177065 14.93718 14.956653 14.972026 14.972026 14.972026 14.972026 14.972026 14.972026 
14.972026 14.972026 14.972026 14.972026 14.972026 14.972026 14.972026 14.972026 14.972026 14.972026 14.972026 14.972026 14.972026 14.972026 14.972026 14.947803 14.798391 14.648979 14.499568 14.350156 
14.245851 14.243696 14.241542 14.2393875 14.237233 0.0
0.0 13.842877 13.837679 13.8324795 13.942318 14.10149 14.260663 14.419835 14.464132 14.483604 14.5030775 14.522551 14.542023 14.557719 14.557719 14.557719 14.557719 14.557719 14.557719 14.557719 
14.557719 14.557719 14.557719 14.557719 14.557719 14.557719 14.557719 14.557719 14.557719 14.557719 14.557719 14.557719 14.557719 14.557719 14.557719 14.557719 14.496293 14.346882 14.19747 14.0480585 
13.898646 13.873499 13.8713455 13.869191 13.867037 0.0
0.0 13.4725 13.4673 13.475693 13.634865 13.794037 13.95321 14.049503 14.068975 14.088449 14.107921 14.127394 14.143414 14.143414 14.143414 14.143414 14.143414 14.143414 14.143414 14.143414 
14.143414 14.143414 14.143414 14.143414 14.143414 14.143414 14.143414 14.143414 14.143414 14.143414 14.143414 14.143414 14.143414 14.143414 14.143414 14.143414 14.143414 14.044784 13.895371 13.74596 
13.596548 13.503303 13.501148 13.498994 13.49684 0.0
0.0 13.102121 13.096922 13.16824 13.327412 13.486584 13.634873 13.654346 13.673819 13.693292 13.712764 13.729108 13.729108 13.729108 13.729108 13.729108 13.729108 13.729108 13.729108 13.729108 
13.729108 13.729108 13.729108 13.729108 13.729108 13.729108 13.729108 13.729108 13.729108 13.729108 13.729108 13.729108 13.729108 13.729108 13.729108 13.729108 13.729108 13.729108 13.593274 13.443862 
13.294451 13.145039 13.130952 13.128798 13.126643 0.0
0.0 12.731743 12.726544 12.860786 13.0199585 13.1791315 13.239717 13.25919 13.278663 13.298135 13.314802 13.314802 13.314802 13.314802 13.314802 13.314802 13.314802 13.314802 13.314802 13.314802 
13.314802 13.314802 13.314802 13.314802 13.314802 13.314802 13.314802 13.314802 13.314802 13.314802 13.314802 13.314802 13.314802 13.314802 13.314802 13.314802 13.314802 13.314802 13.291176 13.141765 
12.9923525 12.842941 12.760756 12.758601 12.756447 0.0
0.0 12.361365 12.394161 12.553333 12.712505 12.825088 12.844561 12.864033 12.883506 12.900496 12.900496 12.900496 12.900496 12.900496 12.900496 12.900496 12.900496 12.900496 12.900496 12.900496 
12.900496 12.900496 12.900496 12.900496 12.900496 12.900496 12.900496 12.900496 12.900496 12.900496 12.900496 12.900496 12.900496 12.900496 12.900496 12.900496 12.900496 12.900496 12.900496 12.839666 
12.690255 12.540843 12.391432 12.388404 12.38625 0.0
0.0 11.990987 12.086708 12.24588 12.405052 12.429931 12.449404 12.468876 12.48619 12.48619 12.48619 12.48619 12.48619 12.48619 12.48619 12.48619 12.48619 12.48619 12.48619 12.48619 
12.48619 12.48619 12.48619 12.48619 12.48619 12.48619 12.48619 12.48619 12.48619 12.48619 12.48619 12.48619 12.48619 12.48619 12.48619 12.48619 12.48619 12.48619 12.48619 12.48619 
12.388157 12.238745 12.089334 12.018208 12.016053 0.0
0.0 11.620608 11.779255 11.938427 12.015302 12.034774 12.054247 12.071884 12.071884 12.071884 12.071884 12.071884 12.071884 12.071884 12.071884 12.071884 12.071884 12.071884 12.071884 12.071884 
12.071884 12.071884 12.071884 12.071884 12.071884 12.071884 12.071884 12.071884 12.071884 12.071884 12.071884 12.071884 12.071884 12.071884 12.071884 12.071884 12.071884 12.071884 12.071884 12.071884 
12.071884 11.936647 11.787235 11.648011 11.645857 0.0
0.0 11.312629 11.471802 11.600672 11.620145 11.639618 11.6575775 11.6575775 11.6575775 11.6575775 11.6575775 11.6575775 11.6575775 11.6575775 11.6575775 11.6575775 11.6575775 11.6575775 11.6575775 11.6575775 
11.6575775 11.6575775 11.6575775 11.6575775 11.6575775 11.6575775 11.6575775 11.6575775 11.6575775 11.6575775 11.6575775 11.6575775 11.6575775 11.6575775 11.6575775 11.6575775 11.6575775 11.6575775 11.6575775 11.6575775 
11.6575775 11.634549 11.485138 11.335726 11.27566 0.0
0.0 11.005177 11.164349 11.205516 11.224988 11.243272 11.243272 11.243272 11.243272 11.243272 11.243272 11.243272 11.243272 11.243272 11.243272 11.243272 11.243272 11.243272 11.243272 11.243272 
11.243272 11.243272 11.243272 11.243272 11.243272 11.243272 11.243272 11.243272 11.243272 11.243272 11.243272 11.243272 11.243272 11.243272 11.243272 11.243272 11.243272 11.243272 11.243272 11.243272 
11.243272 11.243272 11.18304 11.033628 10.905463 0.0
0.0 10.697723 10.790886 10.810359 10.828966 10.828966 10.828966 10.828966 10.828966 10.828966 10.828966 10.828966 10.828966 10.828966 10.828966 10.828966 10.828966 10.828966 10.828966 10.828966 
10.828966 10.828966 10.828966 10.828966 10.828966 10.828966 10.828966 10.828966 10.828966 10.828966 10.828966 10.828966 10.828966 10.828966 10.828966 10.828966 10.828966 10.828966 10.828966 10.828966 
10.828966 10.828966 10.828966 10.73153 10.582118 0.0
0.0 10.376257 10.39573 10.41466 10.41466 10.41466 10.41466 10.41466 10.41466 10.41466 10.41466 10.41466 10.41466 10.41466 10.41466 10.41466 10.41466 10.41466 10.41466 10.41466 
10.41466 10.41466 10.41466 10.41466 10.41466 10.41466 10.41466 10.41466 10.41466 10.41466 10.41466 10.41466 10.41466 10.41466 10.41466 10.41466 10.41466 10.41466 10.41466 10.41466 
10.41466 10.41466 10.41466 10.41466 10.280021 0.0
0.0 9.9811 10.000354 10.000354 10.000354 10.000354 10.000354 10.000354 10.000354 10.000354 10.000354 10.000354 10.000354 10.000354 10.000354 10.000354 10.000354 10.000354 10.000354 10.000354 
10.000354 10.000354 10.000354 10.000354 10.000354 10.000354 10.000354 10.000354 10.000354 10.000354 10.000354 10.000354 10.000354 10.000354 10.000354 10.000354 10.000354 10.000354 10.000354 10.000354 
10.000354 10.000354 10.000354 10.000354 9.977922 0.0
0.0 9.585943 9.586048 9.586048 9.586048 9.586048 9.586048 9.586048 9.586048 9.586048 9.586048 9.586048 9.586048 9.586048 9.586048 9.586048 9.586048 9.586048 9.586048 9.586048 
9.586048 9.586048 9.586048 9.586048 9.586048 9.586048 9.586048 9.586048 9.586048 9.586048 9.586048 9.586048 9.586048 9.586048 9.586048 9.586048 9.586048 9.586048 9.586048 9.586048 
9.586048 9.586048 9.586048 9.586048 9.586048 0.0
0.0 9.171742 9.171742 9.171742 9.171742 9.171742 9.171742 9.171742 9.171742 9.171742 9.171742 9.171742 9.171742 9.171742 9.171742 9.171742 9.171742 9.171742 9.171742 9.171742 
9.171742 9.171742 9.171742 9.171742 9.171742 9.171742 9.171742 9.171742 9.171742 9.171742 9.171742 9.171742 9.171742 9.171742 9.171742 9.171742 9.171742 9.171742 9.171742 9.171742 
9.171742 9.171742 9.171742 9.171742 9.171742 0.0
0.0 8.757436 8.757436 8.757436 8.757436 8.757436 8.757436 8.757436 8.757436 8.757436 8.757436 8.757436 8.757436 8.757436 8.757436 8.757436 8.757436 8.757436 8.757436 8.757436 
8.757436 8.757436 8.757436 8.757436 8.757436 8.757436 8.757436 8.757436 8.757436 8.757436 8.757436 8.757436 8.757436 8.757436 8.757436 8.757436 8.757436 8.757436 8.757436 8.757436 
8.757436 8.757436 8.757436 8.757436 8.757436 0.0
0.0 8.34313 8.34313 8.34313 8.34313 8.34313 8.34313 8.34313 8.34313 8.34313 8.34313 8.34313 8.34313 8.34313 8.34313 8.34313 8.34313 8.34313 8.34313 8.34313 
8.34313 8.34313 8.34313 8.34313 8.34313 8.34313 8.34313 8.34313 8.34313 8.34313 8.34313 8.34313 8.34313 8.34313 8.34313 8.34313 8.34313 8.34313 8.34313 8.34313 
8.34313 8.34313 8.34313 8.34313 8.34313 0.0
0.0 0.0 0.0 0.0 0.0 0.0 0.0 0.0 0.0 0.0 0.0 0.0 0.0 0.0 0.0 0.0 0.0 0.0 0.0 0.0 
0.0 0.0 0.0 0.0 0.0 0.0 0.0 0.0 0.0 0.0 0.0 0.0 0.0 0.0 0.0 0.0 0.0 0.0 0.0 0.0 
0.0 0.0 0.0 0.0 0.0 0.0 
2 10    /B26 -- NUMBF, MAXCELLS
4 5    /B27 -- IDBF, NUMCELLS. B-28 begins next line: J, N
29 2
30 2
31 2
32 2
33 2
1 5    /B27 -- IDBF, NUMCELLS. B-28 begins next line: J, N
29 3
30 3
31 3
32 3
33 3
0.1 1.0E-4     /C1 -- TPER, DELT (Recharge Period 1)
1.2 1.0 1.0E-4 0.1     /C2 -- TMLT, DLTMX, DLTMIN, TRED
10.0 0.0     /C3 -- DSMAX, STERR
0.0     /C4 -- POND
F     /C5 -- PRNT
F F T     /C6 -- BCIT, ETSIM, SEEP
2     /C7 -- NFCS
11 0     /C8 -- JJ, JLAST. C-9 begins next line: J, N
30 2
29 2
28 2
27 2
26 2
25 2
24 2
23 2
22 2
21 2
20 2
11 0     /C8 -- JJ, JLAST. C-9 begins next line: J, N
30 45
29 45
28 45
27 45
26 45
25 45
24 45
23 45
22 45
21 45
20 45
0     /C10 -- IBC. C11 begins next line: JJ, NN, NTX, PFDUM, (NTC, CF)
20 2 3 0.0 0 0.0
21 2 3 0.0 0 0.0
22 2 3 0.0 0 0.0
23 2 3 0.0 0 0.0
24 2 3 0.0 0 0.0
25 2 3 0.0 0 0.0
26 2 3 0.0 0 0.0
27 2 3 0.0 0 0.0
28 2 3 0.0 0 0.0
29 2 3 0.0 0 0.0
30 2 3 0.0 0 0.0
31 2 4 -3.7291667 0 8.0
32 2 4 -3.7291667 0 8.0
33 2 0 0.0 1 8.0
33 3 0 0.0 1 8.0
33 4 0 0.0 1 8.0
33 5 0 0.0 1 8.0
33 6 0 0.0 1 8.0
33 7 0 0.0 1 8.0
33 8 0 0.0 1 8.0
33 9 0 0.0 1 8.0
33 10 0 0.0 1 8.0
33 11 0 0.0 1 8.0
33 12 0 0.0 1 8.0
33 13 0 0.0 1 8.0
33 14 0 0.0 1 8.0
33 15 0 0.0 1 8.0
33 16 0 0.0 1 8.0
33 17 0 0.0 1 8.0
33 18 0 0.0 1 8.0
33 19 0 0.0 1 8.0
33 20 0 0.0 1 8.0
33 21 0 0.0 1 8.0
33 22 0 0.0 1 8.0
33 23 0 0.0 1 8.0
33 24 0 0.0 1 8.0
33 25 0 0.0 1 8.0
33 26 0 0.0 1 8.0
33 27 0 0.0 1 8.0
33 28 0 0.0 1 8.0
33 29 0 0.0 1 8.0
33 30 0 0.0 1 8.0
33 31 0 0.0 1 8.0
33 32 0 0.0 1 8.0
33 33 0 0.0 1 8.0
33 34 0 0.0 1 8.0
33 35 0 0.0 1 8.0
33 36 0 0.0 1 8.0
33 37 0 0.0 1 8.0
33 38 0 0.0 1 8.0
33 39 0 0.0 1 8.0
33 40 0 0.0 1 8.0
33 41 0 0.0 1 8.0
33 42 0 0.0 1 8.0
33 43 0 0.0 1 8.0
33 44 0 0.0 1 8.0
33 45 0 0.0 1 8.0
31 45 4 -3.7291667 0 8.0
32 45 4 -3.7291667 0 8.0
20 45 3 0.0 0 0.0
21 45 3 0.0 0 0.0
22 45 3 0.0 0 0.0
23 45 3 0.0 0 0.0
24 45 3 0.0 0 0.0
25 45 3 0.0 0 0.0
26 45 3 0.0 0 0.0
27 45 3 0.0 0 0.0
28 45 3 0.0 0 0.0
29 45 3 0.0 0 0.0
30 45 3 0.0 0 0.0
2 34 2 0.010096618 0 10.0
2 35 2 0.010096618 0 10.0
2 36 2 0.010096618 0 10.0
2 37 2 0.010096618 0 10.0
2 38 2 0.010096618 0 10.0
2 39 2 0.010096618 0 10.0
2 40 2 0.010096618 0 10.0
2 41 2 0.010096618 0 10.0
2 42 2 0.010096618 0 10.0
2 43 2 0.010096618 0 10.0
2 44 2 0.010096618 0 10.0
2 45 2 0.010096618 0 10.0
2 33 2 0.010508291 0 10.0
3 31 2 0.010508291 0 10.0
3 32 2 0.010508291 0 10.0
4 28 2 0.010508291 0 10.0
4 29 2 0.010508291 0 10.0
4 30 2 0.010508291 0 10.0
5 27 2 0.010508291 0 10.0
5 17 1 0.0 0 30.0
5 18 1 0.0 0 30.0
5 19 1 0.0 0 30.0
5 20 1 0.0 0 30.0
5 21 1 0.0 0 30.0
5 22 1 0.0 0 30.0
5 23 1 0.0 0 30.0
5 24 1 0.0 0 30.0
5 25 1 0.0 0 30.0
5 26 1 0.0 0 30.0
2 11 2 0.010947312 0 10.0
3 12 2 0.010947312 0 10.0
3 13 2 0.010947312 0 10.0
4 14 2 0.010947312 0 10.0
4 15 2 0.010947312 0 10.0
5 16 2 0.010947312 0 10.0
2 2 2 0.010237114 0 10.0
2 3 2 0.010237114 0 10.0
2 4 2 0.010237114 0 10.0
2 5 2 0.010237114 0 10.0
2 6 2 0.010237114 0 10.0
2 7 2 0.010237114 0 10.0
2 8 2 0.010237114 0 10.0
2 9 2 0.010237114 0 10.0
2 10 2 0.010237114 0 10.0
-999999 / C13 -- End of data for recharge period 1
10.0 1.0E-4     /C1 -- TPER, DELT (Recharge Period 2)
1.2 1.0 1.0E-4 0.1     /C2 -- TMLT, DLTMX, DLTMIN, TRED
10.0 0.0     /C3 -- DSMAX, STERR
0.0     /C4 -- POND
F     /C5 -- PRNT
F F T     /C6 -- BCIT, ETSIM, SEEP
2     /C7 -- NFCS
11 0     /C8 -- JJ, JLAST. C-9 begins next line: J, N
30 2
29 2
28 2
27 2
26 2
25 2
24 2
23 2
22 2
21 2
20 2
11 0     /C8 -- JJ, JLAST. C-9 begins next line: J, N
30 45
29 45
28 45
27 45
26 45
25 45
24 45
23 45
22 45
21 45
20 45
0     /C10 -- IBC. C11 begins next line: JJ, NN, NTX, PFDUM, (NTC, CF)
5 17 2 0.009778035 0 10.0
5 18 2 0.009778035 0 10.0
5 19 2 0.009778035 0 10.0
5 20 2 0.009778035 0 10.0
5 21 2 0.009778035 0 10.0
5 22 2 0.009778035 0 10.0
5 23 2 0.009778035 0 10.0
5 24 2 0.009778035 0 10.0
5 25 2 0.009778035 0 10.0
5 26 2 0.009778035 0 10.0
-999999 / C13 -- End of data for recharge period 2
-999999 / End of input data file
