My title
10.1 0 0   /A2 -- TMAX, STIM, ANG
m   day J      /A3 -- ZUNIT, TUNIT, CUNX
46 34   /A4 -- NXR, NLY
2 1000   /A5 -- NRECH, NUMT
F T T     /A6 -- RAD, ITSTOP, TRANS
T T      /A6A -- CIS, CIT
F F T T T    /A7 -- F11P, F7P, F8P, F9P, F6P
T T T T T   /A8 -- THPT, SPNT, PPNT, HPNT, VPNT
1 0.5      /A9 -- IFAC, FACX
1 0.5     /A11 -- JFAC, FACZ
21 /A13 -- NPLT. A14 begins next line: PLTIM
0 0.5 1 1.5 2 2.5 3 3.5 4 4.5 5 5.5 6 6.5 7 7.5 8 8.5 9 9.5 10
72    /A17 -- NMB9
1 2 3 4 5 6 7 8 9 10 11 12 13 14 15 16 17 18 19 20 21 22 23 24 25 26 27 28 29 30 31 32 33 34 35 36 37 38 39 40 41 42 43 44 45 46 47 48 49 50 51 52 53 54 55 56 57 58 59 60 61 62 63 64 65 66 67 68 69 70 71 72  /A18 -- MB9
1e-04 0.7 0.5 0.001 0.001     /B1 -- EPS, HMAX, WUS, EPS1, EPS2
2 80     /B3 -- MINIT, ITMAX
T     /B4 -- PHRD
3 6 6     /B5 -- NTEX, NPROP, NPROP1
1 1     /B5A -- hydraulicFunctionType, adsorptionType (not used)
0     /B6 -- ITEX. B7 to begin next line: HK
1 0 0 0 0 0 0
0 0 0 0 0 0      /B7A -- HT
1     /B6 -- ITEX. B7 to begin next line: HK
1 750 0 0.39 2.3 0.05 5.8
1 0.1 2180000 129600 155520 4180000      /B7A -- HT
2     /B6 -- ITEX. B7 to begin next line: HK
100 750 0 0.39 2.3 0.05 5.8
1 0.1 2180000 129600 155520 4180000      /B7A -- HT
0     /B8 -- IROW. B9 begins next line: JTEX
0 0 0 0 0 0 0 0 0 0 0 0 0 0 0 0 0 0 0 0 0 0 0 0 0 0 0 0 0 0 0 0 0 0 0 0 0 0 0 0 0 0 0 0 0 0
0 1 1 1 1 1 1 1 1 1 1 1 1 1 1 1 1 1 1 1 1 1 1 1 1 1 1 1 1 1 1 1 1 1 1 1 1 1 1 1 1 1 1 1 1 0
0 1 1 1 1 1 1 1 1 1 1 1 1 1 1 1 1 1 1 1 1 1 1 1 1 1 1 1 1 1 1 1 1 1 1 1 1 1 1 1 1 1 1 1 1 0
0 1 1 1 1 1 1 1 1 1 1 1 1 1 1 1 1 1 1 1 1 1 1 1 1 1 1 1 1 1 1 1 1 1 1 1 1 1 1 1 1 1 1 1 1 0
0 1 1 1 1 1 1 1 1 1 1 1 1 1 1 1 1 1 1 1 1 1 1 1 1 1 1 1 1 1 1 1 1 1 1 1 1 1 1 1 1 1 1 1 1 0
0 1 1 1 1 1 1 1 1 1 1 1 1 1 1 1 1 1 1 1 1 1 1 1 1 1 1 1 1 1 1 1 1 1 1 1 1 1 1 1 1 1 1 1 1 0
0 1 1 1 1 1 1 1 1 1 1 1 1 1 1 1 1 1 1 1 1 1 1 1 1 1 1 1 1 1 1 1 1 1 1 1 1 1 1 1 1 1 1 1 1 0
0 1 1 1 1 1 1 1 1 1 1 1 1 1 1 1 1 1 1 1 1 1 1 1 1 1 1 1 1 1 1 1 1 1 1 1 1 1 1 1 1 1 1 1 1 0
0 1 1 1 1 1 1 1 1 1 1 1 1 1 1 1 1 1 1 1 1 1 1 1 1 1 1 1 1 1 1 1 1 1 1 1 1 1 1 1 1 1 1 1 1 0
0 1 1 1 1 1 1 1 1 1 1 1 1 1 1 1 1 1 1 1 1 1 1 1 1 1 1 1 1 1 1 1 1 1 1 1 1 1 1 1 1 1 1 1 1 0
0 1 1 1 1 1 1 1 1 1 1 1 1 1 1 1 1 1 1 1 1 1 1 1 1 1 1 1 1 1 1 1 1 1 1 1 1 1 1 1 1 1 1 1 1 0
0 1 1 1 1 1 1 1 1 1 1 1 1 1 1 1 1 1 1 1 1 1 1 1 1 1 1 1 1 1 1 1 1 1 1 1 1 1 1 1 1 1 1 1 1 0
0 1 1 1 1 1 1 1 1 1 1 1 1 1 1 1 1 1 1 1 1 1 1 1 1 1 1 1 1 1 1 1 1 1 1 1 1 1 1 1 1 1 1 1 1 0
0 1 1 1 1 1 1 1 1 1 1 1 1 1 1 1 1 1 1 1 1 1 1 1 1 1 1 1 1 1 1 1 1 1 1 1 1 1 1 1 1 1 1 1 1 0
0 1 1 1 1 1 1 1 1 1 1 1 1 1 1 1 1 1 1 1 1 1 1 1 1 1 1 1 1 1 1 1 1 1 1 1 1 1 1 1 1 1 1 1 1 0
0 1 1 1 1 1 1 1 1 1 1 1 1 1 1 1 1 1 1 1 1 1 1 1 1 1 1 1 1 1 1 1 1 1 1 1 1 1 1 1 1 1 1 1 1 0
0 1 1 1 1 1 1 1 1 1 1 1 1 1 1 1 1 1 1 1 1 1 1 1 1 1 1 1 1 1 1 1 1 1 1 1 1 1 1 1 1 1 1 1 1 0
0 2 2 2 2 2 2 2 2 2 2 2 2 2 2 2 2 2 2 2 2 2 2 2 2 2 2 2 2 2 2 2 2 2 2 2 2 2 2 2 2 2 2 2 2 0
0 2 2 2 2 2 2 2 2 2 2 2 2 2 2 2 2 2 2 2 2 2 2 2 2 2 2 2 2 2 2 2 2 2 2 2 2 2 2 2 2 2 2 2 2 0
0 2 2 2 2 2 2 2 2 2 2 2 2 2 2 2 2 2 2 2 2 2 2 2 2 2 2 2 2 2 2 2 2 2 2 2 2 2 2 2 2 2 2 2 2 0
0 2 2 2 2 2 2 2 2 2 2 2 2 2 2 2 2 2 2 2 2 2 2 2 2 2 2 2 2 2 2 2 2 2 2 2 2 2 2 2 2 2 2 2 2 0
0 2 2 2 2 2 2 2 2 2 2 2 2 2 2 2 2 2 2 2 2 2 2 2 2 2 2 2 2 2 2 2 2 2 2 2 2 2 2 2 2 2 2 2 2 0
0 2 2 2 2 2 2 2 2 2 2 2 2 2 2 2 2 2 2 2 2 2 2 2 2 2 2 2 2 2 2 2 2 2 2 2 2 2 2 2 2 2 2 2 2 0
0 2 2 2 2 2 2 2 2 2 2 2 2 2 2 2 2 2 2 2 2 2 2 2 2 2 2 2 2 2 2 2 2 2 2 2 2 2 2 2 2 2 2 2 2 0
0 2 2 2 2 2 2 2 2 2 2 2 2 2 2 2 2 2 2 2 2 2 2 2 2 2 2 2 2 2 2 2 2 2 2 2 2 2 2 2 2 2 2 2 2 0
0 2 2 2 2 2 2 2 2 2 2 2 2 2 2 2 2 2 2 2 2 2 2 2 2 2 2 2 2 2 2 2 2 2 2 2 2 2 2 2 2 2 2 2 2 0
0 2 2 2 2 2 2 2 2 2 2 2 2 2 2 2 2 2 2 2 2 2 2 2 2 2 2 2 2 2 2 2 2 2 2 2 2 2 2 2 2 2 2 2 2 0
0 2 2 2 2 2 2 2 2 2 2 2 2 2 2 2 2 2 2 2 2 2 2 2 2 2 2 2 2 2 2 2 2 2 2 2 2 2 2 2 2 2 2 2 2 0
0 2 2 2 2 2 2 2 2 2 2 2 2 2 2 2 2 2 2 2 2 2 2 2 2 2 2 2 2 2 2 2 2 2 2 2 2 2 2 2 2 2 2 2 2 0
0 2 2 2 2 2 2 2 2 2 2 2 2 2 2 2 2 2 2 2 2 2 2 2 2 2 2 2 2 2 2 2 2 2 2 2 2 2 2 2 2 2 2 2 2 0
0 2 2 2 2 2 2 2 2 2 2 2 2 2 2 2 2 2 2 2 2 2 2 2 2 2 2 2 2 2 2 2 2 2 2 2 2 2 2 2 2 2 2 2 2 0
0 2 2 2 2 2 2 2 2 2 2 2 2 2 2 2 2 2 2 2 2 2 2 2 2 2 2 2 2 2 2 2 2 2 2 2 2 2 2 2 2 2 2 2 2 0
0 2 2 2 2 2 2 2 2 2 2 2 2 2 2 2 2 2 2 2 2 2 2 2 2 2 2 2 2 2 2 2 2 2 2 2 2 2 2 2 2 2 2 2 2 0
0 0 0 0 0 0 0 0 0 0 0 0 0 0 0 0 0 0 0 0 0 0 0 0 0 0 0 0 0 0 0 0 0 0 0 0 0 0 0 0 0 0 0 0 0 0
2 1     /B11 -- IREAD, FACTOR
3.7291667 -3.98     /B12 -- DWTX, HMIN
F F      /B14 -- BCIT, ETSIM
0 10     /B24 -- IREAD, FACTOR
 0.1 1e-04     /C1 -- TPER, DELT (Recharge Period 1)
1.2 1 1e-04 0.1     /C2 -- TMLT, DLTMX, DLTMIN, TRED
10 0     /C3 -- DSMAX, STERR
0     /C4 -- POND
F     /C5 -- PRNT
F F T     /C6 -- BCIT, ETSIM, SEEP
 2     /C7 -- NFCS
11 0     /C8 -- JJ, JLAST. C-9 begins next line: J, N
30 2
29 2
28 2
27 2
26 2
25 2
24 2
23 2
22 2
21 2
20 2
 11 0     /C8 -- JJ, JLAST. C-9 begins next line: J, N
30 45
29 45
28 45
27 45
26 45
25 45
24 45
23 45
22 45
21 45
20 45
0     /C10 -- IBC. C11 begins next line: JJ, NN, NTX, PFDUM, (NTC, CF)
5 17 2 0.009778035 0 10
5 18 2 0.009778035 0 10
5 19 2 0.009778035 0 10
5 20 2 0.009778035 0 10
5 21 2 0.009778035 0 10
5 22 2 0.009778035 0 10
5 23 2 0.009778035 0 10
5 24 2 0.009778035 0 10
5 25 2 0.009778035 0 10
5 26 2 0.009778035 0 10
-999999 / C13 -- End of data for recharge period 1
 10 1e-04     /C1 -- TPER, DELT (Recharge Period 2)
1.2 1 1e-04 0.1     /C2 -- TMLT, DLTMX, DLTMIN, TRED
10 0     /C3 -- DSMAX, STERR
0     /C4 -- POND
F     /C5 -- PRNT
F F T     /C6 -- BCIT, ETSIM, SEEP
 2     /C7 -- NFCS
11 0     /C8 -- JJ, JLAST. C-9 begins next line: J, N
30 2
29 2
28 2
27 2
26 2
25 2
24 2
23 2
22 2
21 2
20 2
 11 0     /C8 -- JJ, JLAST. C-9 begins next line: J, N
30 45
29 45
28 45
27 45
26 45
25 45
24 45
23 45
22 45
21 45
20 45
0     /C10 -- IBC. C11 begins next line: JJ, NN, NTX, PFDUM, (NTC, CF)
5 17 2 0.009778035 0 10
5 18 2 0.009778035 0 10
5 19 2 0.009778035 0 10
5 20 2 0.009778035 0 10
5 21 2 0.009778035 0 10
5 22 2 0.009778035 0 10
5 23 2 0.009778035 0 10
5 24 2 0.009778035 0 10
5 25 2 0.009778035 0 10
5 26 2 0.009778035 0 10
-999999 / C13 -- End of data for recharge period 2
-999999 / End of input data file
